# Blender v2.68 (sub 0) OBJ File: ''
# www.blender.org
o Cube.004
v 0.824125 8.546202 -1.397991
v 1.245916 9.156996 -0.727900
v 0.395285 8.029431 -0.657015
v -0.773608 9.745999 -1.485918
v -1.202448 9.229229 -0.744942
v -0.351817 10.356794 -0.815826
v 0.025258 9.146100 -1.441954
v 1.667708 9.767790 -0.057809
v 0.868841 10.367689 -0.101772
v 1.238868 9.251019 0.683167
v 0.810028 8.734249 1.424143
v 0.011161 9.334147 1.380179
v 0.388237 8.123455 0.754052
v 0.817077 8.640226 0.013076
v -1.631288 8.712458 -0.003967
v -1.209497 9.323252 0.666124
v -0.780657 9.840023 -0.074851
v 0.447050 9.756895 -0.771863
v 0.069974 10.967588 -0.145733
v -0.358866 10.450818 0.595240
v 0.440001 9.850919 0.639204
v -0.787706 9.934047 1.336215
v -0.410630 8.723354 0.710088
v -0.403582 8.629330 -0.700979
v -0.033554 7.512661 0.083960
v -0.832421 8.112560 0.039997
vt 0.000000 0.334353
vt 0.166157 0.333843
vt 0.000509 0.500510
vt 1.000000 0.001019
vt 0.999490 0.167176
vt 0.833843 0.000509
vt 0.998981 0.333333
vt 0.999490 0.499490
vt 0.832824 0.333843
vt 0.334353 0.666667
vt 0.333843 0.500510
vt 0.500510 0.666157
vt 0.333333 0.332314
vt 0.167176 0.332824
vt 0.332824 0.166157
vt 0.333333 0.001019
vt 0.499490 0.000509
vt 0.333843 0.167176
vt 0.332314 0.333333
vt 0.332824 0.499490
vt 0.166667 0.500000
vt 0.832824 0.332824
vt 0.833333 0.166666
vt 1.000000 0.665647
vt 0.833843 0.666157
vt 0.833333 0.500000
vt 0.333333 0.334353
vt 0.499490 0.333843
vt 0.500000 0.500000
vt 0.001020 0.333333
vt 0.000510 0.167176
vt 0.166667 0.166666
vt 0.665647 0.000000
vt 0.666157 0.166157
vt 0.500000 0.166666
vt 0.001019 0.666667
vt 0.667686 0.000000
vt 0.666667 0.334353
vt 0.666667 0.665647
vt 0.332314 0.000000
vt 0.334353 0.333333
vt 0.167176 0.666157
vt 0.333333 0.665647
vt 0.667176 0.166157
vt 0.666667 0.332314
vt 0.667176 0.500510
vt 0.667686 0.666667
vt 0.666157 0.499490
vt 0.665647 0.333333
vt 0.166157 0.000510
vt 0.000000 0.001020
vt 0.500510 0.332824
vn 0.798867 -0.599899 0.043964
vn -0.798867 0.599899 -0.043964
vn 0.428839 0.516771 -0.740976
vn 0.421792 0.610794 0.670092
vn -0.428840 -0.516771 0.740976
vn -0.421792 -0.610794 -0.670091
vn 0.798867 -0.599899 0.043963
vn -0.798867 0.599899 -0.043963
vn 0.428840 0.516771 -0.740975
vn 0.421791 0.610794 0.670092
vn -0.428839 -0.516770 0.740976
vn -0.421791 -0.610795 -0.670091
vn 0.428840 0.516770 -0.740976
vn 0.428840 0.516769 -0.740976
vn 0.421793 0.610794 0.670091
vn 0.421792 0.610794 0.670091
vn -0.428840 -0.516771 0.740975
vn -0.428840 -0.516770 0.740975
vn -0.421792 -0.610793 -0.670092
vn -0.421791 -0.610794 -0.670092
vn -0.798867 0.599898 -0.043964
vn -0.798868 0.599898 -0.043964
vn 0.428840 0.516771 -0.740976
vn 0.428839 0.516772 -0.740975
vn -0.428839 -0.516771 0.740976
vn -0.421791 -0.610796 -0.670090
vn -0.421791 -0.610795 -0.670090
s off
f 1/1/1 2/2/1 3/3/1
f 4/4/2 5/5/2 6/6/2
f 1/7/3 7/8/3 2/9/3
f 8/10/4 9/11/4 10/12/4
f 11/13/5 12/14/5 13/15/5
f 4/16/6 7/17/6 5/18/6
f 8/19/7 10/20/7 14/21/7
f 15/7/8 16/22/8 17/23/8
f 4/24/9 6/25/9 18/26/9
f 19/27/10 20/28/10 21/29/10
f 22/30/11 16/31/11 23/32/11
f 1/33/12 3/34/12 24/35/12
f 3/3/7 14/21/7 25/36/7
f 3/3/1 2/2/1 14/21/1
f 2/2/7 8/19/7 14/21/7
f 6/6/8 17/23/8 19/37/8
f 6/6/8 5/5/8 17/23/8
f 5/5/8 15/7/8 17/23/8
f 2/9/13 18/26/13 8/38/13
f 2/9/13 7/8/13 18/26/13
f 7/8/14 4/24/14 18/26/14
f 10/12/15 21/29/15 11/39/15
f 10/12/16 9/11/16 21/29/16
f 9/11/15 19/27/15 21/29/15
f 13/15/17 23/32/17 25/40/17
f 13/15/17 12/14/17 23/32/17
f 12/14/18 22/30/18 23/32/18
f 5/18/19 24/35/19 15/41/19
f 5/18/19 7/17/19 24/35/19
f 7/17/20 1/33/20 24/35/20
f 14/21/7 13/42/7 25/36/7
f 14/21/7 10/20/7 13/42/7
f 10/20/1 11/43/1 13/42/1
f 17/23/2 20/44/2 19/37/2
f 17/23/21 16/22/21 20/44/21
f 16/22/22 22/45/22 20/44/22
f 18/26/23 9/46/23 8/38/23
f 18/26/23 6/25/23 9/46/23
f 6/25/24 19/47/24 9/46/24
f 21/29/10 12/48/10 11/39/10
f 21/29/10 20/28/10 12/48/10
f 20/28/10 22/49/10 12/48/10
f 23/32/5 26/50/5 25/40/5
f 23/32/25 16/31/25 26/50/25
f 16/31/25 15/51/25 26/50/25
f 24/35/26 26/52/26 15/41/26
f 24/35/27 3/34/27 26/52/27
f 3/34/6 25/45/6 26/52/6
